24
-53.6543 5 -47.6046 0 0.707107 0.707107
27.0918 13 -126.547 1 0 0
163.902 21 -142.57 0 1 0
-25.2904 29 -1.16081 -1 0 0
-65.0056 37 -12.7335 0 1 0
-10.0895 45 -101.432 0 1 0
62.6397 53 -106.274 -1 0 0
-7.66648 61 12.7063 0 1 0
-42.4186 69 -54.1939 0 1 0
-26.2658 77 -99.6016 0 1 0
102.304 85 -48.4753 -0.707107 0.707107 0
101.916 93 53.8099 0 1 0
0.478143 93 94.6972 0 1 0
54.3173 93 120.369 0 1 0
39.6695 85 30.8367 -0.707107 0.707107 0
-31.0602 77 63.5185 0 1 0
-42.7015 69 108.493 1 0 0
20.7201 61 98.3303 0 1 0
194.389 53 171.438 -0.707107 0.707107 0
-3.46421 45 -0.95359 0 1 0
-54.3582 37 61.9431 0 0.707107 0.707107
-10.919 29 119.835 0 0.707107 -0.707107
22.3696 21 63.0964 0 1 0
-76.316 13 46.7174 1 0 0
