23
-64.3721 12.0915 -184.105 0 1 0
-6.68256 12.5695 -62.856 0 1 0
46.5634 13.0475 21.6414 0 1 0
145.287 14.0035 -81.3404 0 1 0
266.969 14.9594 -177.316 0 1 -5.96046e-08
158.407 13.7145 82.1324 0.109835 0.916053 0.385723
556.598 90.6724 -214.488 0 1 0
329.877 51.8822 -18.5328 0 1 0
84.2517 13.092 190.782 0 1 0
316.05 12.4695 186.414 0 1 0
263.346 9.9797 313.511 0 1 5.96046e-08
86.0263 8.73478 389.118 0 1 0
59.5969 7.48985 275.856 0 1 0
-97.3541 6.24493 325.679 0 1 0
-288.981 5 274.902 0 1 0
92.2638 5 156.206 0 1 0
-157.346 5 145.055 0 1 0
-32.7822 5 40.8242 0 1 0
-243.331 5 56.5973 0 1 0
-167.603 5 20.3009 0 1 0
-182.151 5 -132.77 0 1 0
-81.4565 5 -91.769 0 1 0
-145.932 11.1356 -452.731 0 1 0
